13
3.45801526882413
-5.62943908093087
-14.2851543127786
-22.528447386074
-30.3799308645739
-37.857253658897
-44.9790818612705
-51.7615588922554
-58.2218007581478
-64.3741715696924
-70.2341292295845
-75.8147834494238
-81.1302042084022
-86.1922720449269
-91.0136870394616
-95.6052719508893
-99.9786405565336
-104.143526636536
-108.110408946097
-111.888118126291
-115.486164598586
-118.912632612008
-122.176468043275
-125.284647505408
-128.245079232815
-131.064305592535
-133.749516066957
-136.306616579365
-138.742220282688
-141.061612612116
-143.270850006878
-145.374645992052
-147.378523112858
-149.286765930167
-151.104336022735
-152.835112226942
-154.483779306453
-156.053733949608
-157.549238541286
-158.973295932927
-160.329842316958
-161.621583536344
-162.852045324319
-164.023696127719
-165.139679665833
-166.202287011129
-167.214413863719
-168.178140288422
-169.096099014371
-169.970143325919
-170.802629271768
-171.595259185817
-172.350340837987
-173.069269149335
-173.754126104696
-174.406167043288
-175.027202940199
-175.618479275131
-176.181697133342
-176.717932969524
-177.228727579409
-177.715035807777
-178.178220878957
-178.61919098289
-179.039281000172
-179.439219510041
-179.820146699713
-180.182775275046
-180.528192719911
-180.857015552453
-181.170287817117
-181.468503997556
-181.752587414205
-182.023007051907
-182.280629336255
-182.525855128393
-182.759462135128
-182.981833416014
-183.193649345669
-183.395268460298
-183.587323493618
-183.770124843077
-183.944298734861
-184.110072193119
-184.268030052979
-184.418370685759
-184.561568765761
-184.697843816644
-184.827645135267
-184.951165610605
-185.068838812497
-185.18081903049
-185.287489388005
-185.38899950291
-185.485715234271
-185.577736870942
-185.665411179916
-185.748830384601
-185.828305507995
-185.903917619329
-185.975979019257
-186.044540041015
-186.109851278427
-186.171987681447
-186.231179926651
-186.287490842131
-186.341153576255
-186.392195643463
-186.440821274977
-186.48707410973
-186.531158146947
-186.573082733723
-186.613007929161
-186.650976948039
-186.68716895614
-186.7215838523
-186.754379204271
-186.785562623818
-186.815266552404
-186.843511044129
-186.870410550983
-186.895984941872
-186.920349010374
-186.943510421563
-186.965585549489
-186.986569094155
-187.006568609083
-187.025574113505
-187.043696869144
-187.060915952662
-187.077328402627
-187.092922926071
-187.107783373855
-187.121900083835
-187.135354783509
-187.148137171866
-187.160312532628
-187.171877654699
-187.182895413904
-187.193358057858
-187.203325639418
-187.212790680535
-187.221812216613
-187.230377535876
-187.238548775726
-187.246305898403
-187.253694523748
-187.260706678106
-187.267400089598
-187.273749685043
-187.279804177144
-187.285547201335
-187.291023123816
-187.296217869765
-187.301168424624
-187.305862033265
-187.310333117267
-187.314572467575
-187.31861811333
-187.322452833603
-187.326117148038
-187.329587264977
-187.332894648572
-187.336027766678
-187.339013147799
-187.341841267616
-187.344537520614
-187.347089070274
-187.349525785499
-187.351830498273
-187.354027131065
-187.356104383921
-187.35808570749
-187.359959644778
-187.36174897482
-187.363440651173
-187.365057000278
-187.366584114893
-187.368039919843
-187.369415025918
-187.370727319505
-187.371966524631
-187.373149494983
-187.374265519846
-187.375335238145
-187.376343947961
-187.377311527097
-187.378223188828
-187.37909301105
-187.379911940059
-187.38069608108
-187.381434206643
-187.382142130333
-187.382807321872
-187.383448118833
-187.384049611618
-187.38462444874
-187.385163516703
-187.385677378469
-187.386158620107
-187.386620891551
-187.387053291575
-187.387471770625
-187.387862232712
-187.388239677944
-187.388591722685
-187.38892927113
-187.389243464732
-187.38954788895
-187.389830262872
-187.390100787697
-187.390350756398
-187.390593875617
-187.390817948646
-187.391032976099
-187.39123094104
-187.391420396
-187.391594204833
-187.391765863257
-187.39192227741
-187.392072536481
-187.392208967223
-187.392341391255
-187.392461416294
-187.392578547795
-187.3926837086
-187.392788305909
-187.392881167619
-187.392976726707
-187.393060425985
-187.393142547204
-187.39321352791
-187.393283446975
-187.393342597896
-187.393409511629
-187.393463302151
-187.393516607911
-187.393557597364
-187.393603509658
-187.393634289662
-187.393678098106
-187.393692769826
