0 
0.190837186227014 
0.474278125093775 
0.656064445833272 
0.926014083277072 
1.09916815603201 
1.3562661020595 
1.52119342418838 
1.76604873190037 
1.92315460685336 
2.15635320154444 
2.30600204090683 
2.52809629566786 
2.67064271802645 
2.88216147492056 
3.01793968646907 
3.21938424385682 
3.34872066671296 
3.5405719685043 
3.66376762448972 
3.84648080535441 
3.96382075625751 
4.13782661940414 
4.24961536596579 
4.41533650819657 
4.52182039643577 
4.67964603146939 
4.78107627708049 
4.93138105745662 
5.02800216225226 
5.17114465955009 
5.26318952044814 
5.39951121273169 
5.48719664658138 
5.61702249984214 
5.70055165891578 
5.82418715685612 
5.90376996808066 
6.02151305138807 
6.09734173325118 
6.20947221242302 
6.281725773245 
6.38851166500656 
6.45735588967275 
6.55905066071389 
6.62463403908862 
6.72147624822566 
6.78395290799554 
6.87617374415949 
6.93569503162494 
7.0235155944856 
7.08021260782799 
7.1638372188661 
7.21786425581143 
7.29749857637293 
7.34898018662821 
7.42481485448419 
7.47385226742617 
7.54606226799172 
7.59278365665375 
7.66154447272655 
7.70606240149317 
7.77153923869845 
7.81394667171888 
7.87629080099904 
7.91670625546033 
7.97607351974896 
8.01457425858418 
8.07110054191755 
8.10778083678597 
8.16160156053108 
8.19656248660363 
8.24781070840501 
8.28112602616447 
8.32992117178008 
8.36167313621823 
8.40813350253013 
8.43839347309644 
8.4826300907504 
8.51146481735127 
8.55358147223191 
8.58105929230688 
8.62115546773746 
8.6473543116366 
8.68552917764351 
8.71051267887827 
8.74686061308421 
8.77066650824599 
8.80526837296728 
8.82794890797971 
8.86088696972994 
8.8825038761146 
8.91386024020239 
8.93446208213197 
8.96431028112419 
8.98395321070757 
9.01236635390089 
9.03109213035575 
9.0581387063969 
9.07599002142849 
9.10173292824454 
9.11876382252384 
9.14327039970021 
9.15950561549264 
9.18283025537158 
9.19830808555258 
9.2205057124183 
9.23527247710843 
9.25640028068676 
9.27047806348011 
9.29058311597164 
9.30401921060558 
9.32315561764942 
9.33595477760542 
9.35416010002548 
9.36637756784288 
9.38370299905702 
9.39535897360982 
9.41184558960457 
9.42295786801318 
9.4386438856696 
9.44923485888236 
9.46415649811849 
9.47425620761822 
9.48845057909129 
9.49809100870798 
9.51159498645892 
9.52079686249844 
9.53364170061025 
9.54243189557937 
9.55465163918691 
9.56304200250745 
9.57466510850923 
9.58267137778441 
9.5937245325463 
9.60136740665175 
9.61187998584184 
9.61916880481232 
9.62916375015306 
9.63611631448235 
9.64561867510888 
9.65224964963843 
9.66128256563101 
9.66761412646001 
9.67620036495039 
9.68225784139389 
9.69042337045991 
9.69620045948547 
9.7039576504746 
9.70949013243519 
9.71686528326195 
9.72215129571514 
9.72915964268375 
9.73421193805443 
9.74087174991323 
9.74569678391931 
9.75202313919322 
9.7566255511288 
9.76263226077477 
9.76704002550755 
9.77274505332695 
9.77697633532315 
9.78239767489368 
9.78643737766721 
9.79158410719893 
9.7954425886472 
9.80032727193715 
9.80401647232535 
9.80865064375918 
9.81218601405679 
9.81658548905619 
9.81995990801331 
9.82413230797819 
9.82735927673858 
9.83131656427433 
9.83441133485148 
9.83816488324088 
9.84113667236162 
9.84469772755053 
9.84753878578456 
9.85091307395667 
9.853635643484 
9.85683340905419 
9.85944410005985 
9.86247206881311 
9.86499395050762 
9.86786432797961 
9.87030513371556 
9.87302732037126 
9.87536667897903 
9.8779407195103 
9.88019815998474 
9.8826342515293 
9.88482012157314 
9.88712405999981 
9.88925599434611 
9.89143912847183 
9.8934904440368 
9.89555199721103 
9.89751647317422 
9.89945840560298 
9.90136395372143 
9.90319595769859 
9.90506789948727 
9.90679930293086 
9.90863530049949 
9.91027096748405 
9.91205084411019 
9.91358787716715 
9.9153414439123 
9.91679067679058 
9.91848421696795 
9.91984045275201 
9.92151245947935 
9.92278865177539 
9.92440794076395 
9.92560137938293 
9.92716462283953 
9.92827493688445 
9.92985393012864 
9.93089841458484 
9.93242801317488 
9.93339694264301 
9.93490380870101 
9.93580457298002 
9.93730261018688 
9.93813706790493 
9.93966027731019 
9.94043363223188 
9.94205275895979 
9.9427754987397 
9.94439565488813 
9.94505280077438 
9.94668024777407 
9.94726966386979 
9.94920151954263 
9.94974894881163 
9.9517102294331 
9.95217794692218 
9.95447564872867 
9.95486676700089 
9.95837288681488 
9.95862542785537 
