0 
-0.572511558681041 
-0.478033397658351 
-1.02333404429431 
-0.933344165450149 
-1.45271160922845 
-1.36699992364964 
-1.86166259704473 
-1.78002681814715 
-2.25117802869899 
-2.17342015078496 
-2.62216688497863 
-2.54810510738791 
-2.97551382389383 
-2.90497174420319 
-3.31205142160093 
-3.24486338584396 
-3.63258789764086 
-3.56859243318836 
-3.93787248801567 
-3.87692030705125 
-4.22862563208228 
-4.17057420924666 
-4.50557790519616 
-4.45027981927301 
-4.76934987126997 
-4.71668049773004 
-5.02057263103644 
-4.97040775343064 
-5.25985083451842 
-5.21206961519871 
-5.48775587254695 
-5.44224390506814 
-5.70482791254826 
-5.6614766390139 
-5.91157247851464 
-5.87028246047247 
-6.10850523781103 
-6.06917269821666 
-6.29608977186724 
-6.2586217791319 
-6.47477378681978 
-6.43908002663719 
-6.64497025381973 
-6.61096837365323 
-6.80706411558604 
-6.77467865154276 
-6.96144735065809 
-6.93060045880079 
-7.10848921207476 
-7.07910700900964 
-7.2485233684685 
-7.2205407756576 
-7.38191895575251 
-7.35526132249555 
-7.5089778948894 
-7.48358318617226 
-7.62997543347736 
-7.60579002697144 
-7.74522470129386 
-7.72218664249802 
-7.8549959740048 
-7.83305045698143 
-7.95953271751487 
-7.93863240957113 
-8.05911580090839 
-8.03920364529635 
-8.15394537540118 
-8.13498180939926 
-8.24426249589949 
-8.22620051737711 
-8.33030052548911 
-8.3130921473645 
-8.41224529063417 
-8.39585321140079 
-8.49030109282027 
-8.47468464911417 
-8.56464795872277 
-8.54977048752455 
-8.63545424455778 
-8.62128314395215 
-8.70289183381445 
-8.68939379638332 
-8.76714057446988 
-8.75427905768876 
-8.82835276583825 
-8.81609511238349 
-8.8866375808739 
-8.87496356037317 
-8.94213960249185 
-8.93102196479575 
-8.99500509619533 
-8.9844138134852 
-9.04535286171158 
-9.03526405407205 
-9.09331186222614 
-9.0837003972535 
-9.13899211895105 
-9.12983494780047 
-9.18249883961193 
-9.17377584310513 
-9.22395684029789 
-9.21564158186332 
-9.26343548600106 
-9.25551417808731 
-9.30103475863736 
-9.2934891806762 
-9.33685813109942 
-9.32966704257521 
-9.37097245513696 
-9.36412218242469 
-9.40348008505568 
-9.39695000797988 
-9.43441788262454 
-9.42820137358653 
-9.46390444781482 
-9.45797832336535 
-9.49199012701938 
-9.48634244278164 
-9.51873122441058 
-9.51335130240754 
-9.5441878125038 
-9.53906508494131 
-9.56843140949237 
-9.56355196796674 
-9.59153078008386 
-9.58688003433522 
-9.61353402132713 
-9.60910247639154 
-9.63450413432886 
-9.63027857054284 
-9.65447764462144 
-9.65045001705311 
-9.67349694989972 
-9.66965998082854 
-9.69161543295664 
-9.68795783862238 
-9.70886049981255 
-9.70537734272609 
-9.72527820300715 
-9.72196111078292 
-9.74090769201148 
-9.73774866963191 
-9.75579577271793 
-9.7527857621264 
-9.76999241710969 
-9.76711985645387 
-9.78349691959702 
-9.78076300765122 
-9.79638185972634 
-9.79377239805901 
-9.8086509930753 
-9.80616370531472 
-9.8203395408439 
-9.81796779982035 
-9.83146455332817 
-9.82920561281773 
-9.84204966326458 
-9.83989940294835 
-9.85214549071402 
-9.85009424960274 
-9.86178121824925 
-9.85982162457714 
-9.87094622954652 
-9.8690794244098 
-9.8796693075119 
-9.87789121986413 
-9.8879734409532 
-9.88628065069084 
-9.89589171582094 
-9.89427650129296 
-9.9034190071186 
-9.90188192776373 
-9.91058772848988 
-9.90912307637556 
-9.91742336357983 
-9.9160259775109 
-9.9239434066613 
-9.92260910271236 
-9.93014321992186 
-9.92887294193125 
-9.93605066400676 
-9.93483964209128 
-9.94167794635684 
-9.94052429542152 
-9.94706545838488 
-9.94596084501953 
-9.9522226294636 
-9.95116349747341 
-9.95712414847106 
-9.95611600332402 
-9.96181163897888 
-9.96084763424356 
-9.96629704573245 
-9.96537498003663 
-9.97061028124208 
-9.96972311182136 
-9.97471227155639 
-9.9738664934332 
-9.97860655893783 
-9.9778038665175 
-9.98234036701417 
-9.98157283497216 
-9.98594468203444 
-9.98520555805686 
-9.98941561028846 
-9.98870366845743 
-9.99272622364248 
-9.99204762140362 
-9.99592703385302 
-9.99527379023118 
-9.99896711301162 
-9.9983477257312 
-10.001913151113 
-10.001316864813 
-10.0047160027739 
-10.0041491289278 
-10.007379957849 
-10.0068446059785 
-10.0100053545463 
-10.009485711283 
-10.0124925585713 
-10.0120016734549 
-10.0148943870313 
-10.0144263390744 
-10.0172213445453 
-10.0167757856709 
-10.0195176687981 
-10.0190898866721 
-10.0218661191139 
-10.0214459386289 
-10.0241316757773 
-10.0237364163844 
-10.0263365156354 
-10.0259690270724 
-10.0288284543206 
-10.028459745149 
-10.0312308112257 
-10.0309004541239 
-10.0338998575673 
-10.0336010559916 
-10.0375916727125 
-10.037370575507 
